<?xml version="1.0"?>

<opencv_storage>


<Intrinsics_Camera_Left type_id="opencv-matrix">
<rows>3</rows>

<cols>3</cols>

<dt>d</dt>

<data>
212.193756 0.000000 173.087267 0.000000 212.420015 133.225403 0.000000 0.000000 1.000000
</data>
</Intrinsics_Camera_Left>
</opencv_storage>
