<?xml version="1.0"?>

<opencv_storage>


<Rot_Mat type_id="opencv-matrix">
<rows>3</rows>

<cols>3</cols>

<dt>d</dt>

<data>
0.999987 -0.002145 0.004624 0.002173 0.999980 -0.005896 -0.004611 0.005906 0.999972
</data>
</Rot_Mat>
</opencv_storage>
